1
4.000000 648.000000 1672.000000 648.000000
1
1668.000000 648.000000 2448.000000 648.000000
1
2448.000000 648.000000 5104.000000 648.000000
4
2652.000000 546.000000 2652.000000 312.000000 160.000000 172.000000 87
4
3778.000000 740.000000 3778.000000 540.000000 148.000000 160.000000 83
4
4192.000000 558.000000 4192.000000 344.000000 144.000000 148.000000 83
6
884.000000 410.000000 1320.000000 740.000000 504.000000 213.000000 770.257080 238.676208 0.875000
6
2262.000000 414.000000 1356.000000 748.000000 922.000000 370.000000 2661.059814 427.561737 0.875000
6
3816.000000 428.000000 1496.000000 760.000000 894.000000 333.000000 4132.774902 412.418823 0.875000
